image_width: 640
image_height: 480
camera_name: narrow_stereo
camera_matrix:
  rows: 3
  cols: 3
  data: [402.312407, 0.000000, 306.657380, 0.000000, 398.973873, 230.039735, 0.000000, 0.000000, 1.000000]
distortion_model: plumb_bob
distortion_coefficients:
  rows: 1
  cols: 5
  data: [0.069086, -0.089009, 0.007247, 0.009025, 0.000000]
rectification_matrix:
  rows: 3
  cols: 3
  data: [1.000000, 0.000000, 0.000000, 0.000000, 1.000000, 0.000000, 0.000000, 0.000000, 1.000000]
projection_matrix:
  rows: 3
  cols: 4
  data: [406.597931, 0.000000, 313.115298, 0.000000, 0.000000, 406.938751, 233.454629, 0.000000, 0.000000, 0.000000, 1.000000, 0.000000]
